CODGEO	REG	DEP	ARR	CV	ZE1990	EPCI	LIBGEO	PSDC99	PSDC90	SUPERF	NAIS9099	DEC9099	MENP99	LOG99	RS99	RNETFF06	NBFF06	NBFFI06	MEDRFUC06	EMPTOT99	EMPSA99	EMPTOT90	DEFMT07	ETTOT06	ETIND06	ETCOS06	ETCOM06	ETSER06	ETTEF106	ETTEFP1006
69001	82	69	692	6929	8211	246900708	Affoux	248	202	10.65	27	24	91	125	22	2979601	160	80	16661	28	20	44		9	0	1	2	6	5	0
69002	82	69	692	6923	8202	246900682	Aigueperse	232	240	12.95	20	37	103	179	53	1934477	132	48	13057	48	20	88		14	3	3	2	6	6	0
69003	82	69	691	6925	8211	246900245	Albigny-sur-Saône	2673	2836	2.57	281	843	904	970	17	38577091	1534	789	19648	887	803	924	64	108	6	16	18	68	38	5
69004	82	69	692	6902	8202	246900658	Alix	690	665	3.61	59	106	217	239	22	7980441	356	196	19099	310	298	260	9	26	4	4	3	15	8	1
69005	82	69	692	6902	8202	246900658	Ambérieux	427	378	4.55	43	27	147	161	4	6306435	254	158	16826	550	510	448	6	50	9	11	14	16	22	8
69006	82	69	692	6901	8201	246900583	Amplepuis	4948	4839	38.44	532	561	1965	2280	129	49831244	2811	1266	14831	2091	1804	2104	136	291	36	20	86	149	108	34
69007	82	69	691	6907	8214	246900633	Ampuis	2178	2051	15.57	237	257	802	886	35	35728710	1414	838	19328	925	771	968	51	127	8	18	39	62	54	9
69008	82	69	692	6929	8211	246900708	Ancy	475	448	11.84	42	22	179	223	27	5415285	268	140	15620	84	20	88	6	17	3	3	2	9	9	0
69009	82	69	692	6902	8202	246900658	Anse	4744	4458	15.23	501	408	1665	1794	52	63971150	2758	1658	18762	1926	1638	1632	115	342	46	31	73	192	138	35
69010	82	69	691	6903	8211	246900625	L' Arbresle	5777	5199	3.36	780	458	2183	2458	80	66014116	3253	1852	17369	2438	2169	2456	173	462	27	32	115	288	166	39
69012	82	69	692	6904	8202	246900781	Les Ardillats	483	424	23.1	46	48	181	234	31	5214567	245	146	16055	152	104	244	7	22	5	2	1	14	9	1
69013	82	69	692	6953	8202	246900229	Arnas	3106	2783	17.52	286	128	1140	1200	24	41187737	1661	1098	18791	3008	2780	2632	64	326	54	38	74	160	113	61
69014	82	69	691	6928	8211	246900773	Aveize	940	904	16.64	102	45	320	369	27	8412277	481	222	14438	569	477	456	14	32	1	7	5	19	13	2
69015	82	69	692	6904	8202	246900781	Avenas	106	105	9.49	13	7	39	63	16	881068	57	25		20	4	28		8	1	0	1	6	3	0
69016	82	69	692	6923	8202	246900682	Azolette	116	74	4.18	12	6	41	81	39	1082747	57	28		12	0	20		3	0	2	0	1	2	0
69017	82	69	692	6906	8211	246900732	Bagnols	701	636	7.35	59	37	248	301	42	9664251	373	220	18931	140	84	140	17	39	5	5	11	18	14	3
69018	82	69	692	6904	8202	246900781	Beaujeu	1905	1874	17.85	236	316	771	974	97	19787057	1182	555	15262	966	798	936	58	169	15	14	33	107	68	14
69019	82	69	692	6905	8202	246900641	Belleville	5840	5935	10.42	850	640	2446	2599	31	71257525	4033	1944	14900	3731	3315	3676	279	593	66	29	151	347	252	62
69020	82	69	692	6902	8211	246900591	Belmont-d'Azergues	613	509	1.51	76	11	207	216	5	8124218	301	199	19876	53	49	32	12	17	2	2	3	10	7	1
69021	82	69	691	6903	8211	246900625	Bessenay	1830	1611	14.01	216	86	705	835	92	25460331	1081	619	17334	423	295	412	29	111	9	17	22	63	42	8
69022	82	69	691	6903	8211	246900625	Bibost	395	351	5.23	34	27	146	189	33	4650803	238	124	16087	161	116	80	7	16	0	1	4	11	5	0
69023	82	69	692	6953	8202	246900674	Blacé	1205	1093	11	120	183	437	501	48	16679129	672	399	18540	256	152	272	21	75	3	15	16	41	24	3
69024	82	69	692	6906	8211	246900732	Le Bois-d'Oingt	1823	1518	5.13	173	177	655	789	89	24807056	1091	611	18930	680	544	608	32	160	12	15	28	105	71	11
69025	82	69	692	6930	8201	246900583	Bourg-de-Thizy	2670	2883	14.49	308	346	1019	1227	41	31634027	1464	698	14641	1252	1124	1076	74	149	20	24	32	73	41	28
69026	82	69	692	6906	8211	246900732	Le Breuil	363	310	5.63	54	23	128	149	15	4252435	203	118	16539	64	36	40	7	12	2	1	2	7	4	0
69027	82	69	691	6926	8211	246900757	Brignais	11207	10036	10.36	1267	479	3924	4094	45	155158186	5861	3795	20173	5214	4633	4092	256	866	109	114	189	454	360	135
69028	82	69	691	6931	8211	246900724	Brindas	4555	3555	11.27	409	188	1565	1690	57	90435254	2516	1787	22395	1169	921	764	80	315	44	52	57	162	106	21
69029	82	69	691	6935	8211	246900245	Bron	37369	39683	10.3	5505	2195	14964	16255	191	446466174	21021	11553	16593	19878	18803	17012	1302	2106	114	195	459	1338	769	293
69030	82	69	691	6927	8211	246900690	Brullioles	574	559	12.25	60	37	211	287	57	7612936	401	213	16385	128	72	92	8	35	6	6	8	15	9	2
69031	82	69	691	6927	8211	246900690	Brussieu	752	641	6.74	74	43	283	347	36	10765260	500	289	17806	185	129	108	15	37	4	4	8	21	12	3
69032	82	69	691	6903	8211	246900625	Bully	1739	1464	12.59	191	228	591	687	63	23325866	1012	590	18607	341	209	316	33	95	8	22	19	46	26	7
69033	82	69	691	6925	8211	246900245	Cailloux-sur-Fontaines	2172	1750	8.69	196	83	685	715	7	39892576	1079	775	23846	275	191	160	41	86	7	21	19	39	37	3
69034	82	69	691	6943	8211	246900245	Caluire-et-Cuire	41233	41311	10.45	5086	3089	17903	19422	354	699525959	24014	15879	21268	10994	9932	10480	1073	2146	130	154	386	1476	740	172
69035	82	69	692	6923	8202	246900682	Cenves	328	319	26.48	26	26	131	204	55	4124214	199	93	17023	72	28	88	7	16	0	3	1	12	7	0
69036	82	69	692	6905	8202	246900641	Cercié	856	648	4.94	108	45	314	353	25	9921825	475	267	15233	244	172	180	19	65	5	11	14	35	25	4
69037	82	69	692	6909	8202	246900617	Chambost-Allières	617	618	14.14	55	63	258	337	66	7696999	417	215	15611	342	306	288	15	32	6	8	4	14	12	3
69038	82	69	691	6927	8211	246900690	Chambost-Longessaigne	714	632	15.44	73	54	281	428	104	8179122	448	196	14138	132	64	144	18	36	3	11	10	12	13	0
69039	82	69	692	6906	8211	246900732	Chamelet	575	510	14.43	67	44	227	289	51	7065314	353	173	17570	136	88	148	21	26	6	7	4	9	7	2
69040	82	69	691	6952	8211	246900245	Champagne-au-Mont-d'Or	4955	4934	2.59	527	322	2118	2262	43	85511273	2840	1926	21868	3720	3423	3708	99	592	39	37	153	363	247	85
69041	82	69	692	6930	8201	246900583	La Chapelle-de-Mardore	157	187	5.79	15	16	56	99	33	1986961	115	59	15408	16	4	36		8	0	2	1	5	3	0
69042	82	69	691	6928	8211	246900773	La Chapelle-sur-Coise	382	313	6.58	42	19	129	160	18	4874697	224	137	16802	52	16	64		13	0	5	1	7	5	0
69043	82	69	691	6926	8211	246900757	Chaponost	7832	6911	16.32	682	341	2708	2875	87	166358839	3820	2723	24482	2896	2620	2280	116	488	61	64	98	265	167	66
69044	82	69	691	6931	8211	246900245	Charbonnières-les-Bains	4377	4033	4.13	433	315	1673	1793	51	115113992	2332	1799	30212	2270	2016	1600	70	342	19	11	65	247	108	32
69045	82	69	692	6905	8202	246900641	Charentay	993	869	13.78	119	58	350	416	30	12818348	537	320	18429	204	148	184	12	43	8	6	4	25	9	3
69046	82	69	691	6948	8211	246900245	Charly	3874	3233	5.09	337	258	1340	1409	25	78005733	1934	1413	25946	616	496	400	64	183	10	31	35	107	64	9
69047	82	69	692	6902	8211	246900658	Charnay	964	775	7.06	95	150	304	362	47	20000970	513	327	22140	208	160	152	23	53	3	9	11	30	17	4
69048	82	69	691	6908	8211	246900740	Chassagny	1064	749	9.33	117	19	323	336	8	15171472	548	370	20322	346	286	308	22	57	9	15	7	26	22	9
69049	82	69	691	6910	8211	246900609	Chasselay	2590	2002	12.78	251	235	863	934	41	45456144	1299	913	24108	518	386	360	42	130	6	21	28	75	45	11
69050	82	69	692	6906	8211	246900732	Châtillon	1873	1591	10.71	218	104	716	802	52	31793026	1071	716	20599	438	354	444	53	130	11	20	19	80	44	11
69051	82	69	691	6924	8211	246900740	Chaussan	933	625	7.89	114	21	295	325	19	11814924	413	274	20200	152	72	120	12	23	2	6	1	14	9	1
69052	82	69	692	6902	8211	246900658	Chazay-d'Azergues	3903	3314	5.94	283	203	1365	1444	49	61818905	1987	1415	23434	826	674	712	68	193	12	18	30	133	55	13
69053	82	69	692	6904	8202	246900781	Chénas	442	372	8.18	56	28	165	240	53	5292084	202	111	15816	140	72	140	8	20	2	5	2	11	10	0
69054	82	69	692	6909	8202	246900617	Chénelette	315	284	11.02	31	29	131	226	77	3317517	181	89	14597	69	45	76	6	19	6	2	2	9	8	2
69055	82	69	691	6910	8211	246900609	Les Chères	1073	1027	5.46	88	56	395	427	14	19808784	652	421	20155	430	356	440	19	87	9	14	18	46	36	7
69056	82	69	692	6906	8211	246900732	Chessy	1313	1262	4.55	146	77	475	554	31	19687849	768	504	19214	388	328	504	29	79	7	15	20	37	27	5
69057	82	69	691	6903	8211	246900625	Chevinay	471	342	8.82	47	28	171	200	27	6406507	263	165	19288	28	8	24	8	17	1	6	1	9	6	0
69058	82	69	692	6904	8202	246900781	Chiroubles	349	379	7.32	53	34	137	183	33	3101610	173	77	12852	164	64	184	5	18	1	1	5	11	8	0
69059	82	69	691	6910	8211	246900609	Civrieux-d'Azergues	1299	1099	5.02	159	71	471	522	28	18301123	690	453	20567	979	886	448	26	131	14	15	45	57	59	22
69060	82	69	692	6909	8202	246900617	Claveisolles	554	519	28.33	45	67	200	320	84	5210823	336	129	14425	164	116	148	8	29	3	8	2	16	7	4
69061	82	69	692	6953	8202	246900807	Cogny	941	831	5.83	121	55	347	421	56	15198942	495	321	19312	180	96	136	21	36	3	10	6	17	16	1
69062	82	69	691	6928	8211	246900773	Coise	616	556	9.03	55	47	217	246	16	6968698	352	178	15120	125	72	120	6	19	2	5	3	9	10	0
69063	82	69	691	6910	8211	246900245	Collonges-au-Mont-d'Or	3420	3165	3.78	314	149	1224	1319	35	82281169	1845	1377	27611	985	839	812	69	246	18	34	38	156	82	17
69064	82	69	691	6907	8214	246900633	Condrieu	3424	3093	9.21	387	350	1319	1455	57	46122189	2136	1168	17444	1098	899	1108	91	240	24	22	50	144	92	28
69065	82	69	692	6905	8202	246900641	Corcelles-en-Beaujolais	745	633	9.3	75	69	269	303	16	7895288	366	224	17511	220	128	188	10	40	3	13	9	15	20	3
69066	82	69	692	6930	8201	246900583	Cours-la-Ville	4241	4637	19.48	412	563	1793	2139	118	47050241	2351	1190	15978	2035	1841	2168	84	274	38	29	68	139	111	31
69067	82	69	691	6931	8211	246900625	Courzieu	1134	1013	27.04	139	67	408	509	61	11108072	629	308	15079	204	100	272	13	53	8	11	5	29	20	1
69068	82	69	691	6925	8211	246900245	Couzon-au-Mont-d'Or	2609	2564	3.11	289	246	973	1046	21	38078136	1462	858	20882	874	786	851	66	156	8	29	24	95	64	13
69069	82	69	691	6931	8211	246900245	Craponne	8002	7048	4.62	816	408	3031	3197	60	132065972	4587	3186	21873	2867	2444	2332	140	629	47	59	157	366	259	43
69070	82	69	692	6901	8201	246900583	Cublize	1047	984	15.56	93	114	390	540	106	11945387	653	321	15967	248	180	220	36	81	9	11	13	48	27	6
69071	82	69	691	6925	8211	246900245	Curis-au-Mont-d'Or	897	735	3.03	74	44	302	330	14	16796157	445	334	24505	121	98	48	16	25	2	4	3	16	5	2
69072	82	69	691	6952	8211	246900245	Dardilly	7589	6688	13.99	732	229	2554	2873	82	152761933	3892	2773	25098	5824	5391	5812	158	870	62	49	225	534	306	155
69073	82	69	692	6929	8211	246900708	Dareizé	370	298	6.71	35	18	137	162	17	5753630	208	132	18092	52	24	72	7	10	2	0	1	7	2	0
69074	82	69	692	6953	8202	246900807	Denicé	1256	1121	9.53	134	60	442	512	42	16286696	600	376	18653	220	128	180	20	57	8	13	8	28	16	3
69075	82	69	692	6929	8211	246900708	Dième	112	83	9.05	14	12	37	54	9	1609908	72	41		48	36	36		7	0	2	1	4	3	0
69076	82	69	691	6903	8211	246900625	Dommartin	2288	1616	7.22	200	74	739	783	34	47163317	1116	834	25005	700	616	468	43	130	6	19	29	76	33	5
69077	82	69	692	6905	8202	246900641	Dracé	717	696	14.87	66	63	253	281	18	9092409	426	257	17648	149	121	124	15	33	2	12	5	14	11	3
69078	82	69	691	6928	8211	246900773	Duerne	660	604	11.41	69	24	239	277	23	7542327	368	183	15717	229	153	176		31	8	8	3	12	15	3
69080	82	69	691	6908	8211	246900633	Échalas	1141	1032	20.95	111	53	415	444	13	15752861	652	432	18311	80	52	168	22	41	5	10	5	21	11	2
69081	82	69	691	6952	8211	246900245	Écully	18011	18360	8.45	2105	962	6796	7303	129	367846561	8918	6118	23958	9260	8595	7864	356	1279	44	28	243	964	444	178
69082	82	69	692	6904	8202	246900781	Émeringes	215	182	3.01	22	16	86	118	24	2277030	112	64	15481	60	36	68		10	0	0	5	5	4	0
69083	82	69	691	6903	8211	246900625	Éveux	794	817	3.32	59	50	293	317	10	14193196	457	318	21751	142	114	76	16	37	2	5	8	22	7	2
69084	82	69	692	6904	8202	246900781	Fleurie	1190	1105	13.94	186	97	491	619	91	13771740	626	338	14926	492	264	592	26	96	9	10	21	56	43	3
69085	82	69	691	6925	8211	246900245	Fleurieu-sur-Saône	1286	943	2.91	125	68	464	502	22	22611499	621	459	22628	300	255	216	22	85	16	18	17	34	35	6
69086	82	69	691	6903	8211	246900625	Fleurieux-sur-l'Arbresle	2025	1840	9.51	170	67	688	749	36	32879783	1040	767	22750	353	265	200	28	98	19	9	25	45	34	11
69087	82	69	691	6925	8211	246900245	Fontaines-Saint-Martin	2721	2124	2.74	277	186	869	907	19	46511077	1327	844	25413	343	275	256	62	131	7	15	26	83	36	7
69088	82	69	691	6925	8211	246900245	Fontaines-sur-Saône	6721	6760	2.32	1036	490	2807	2996	56	94856559	3728	2347	19960	1195	983	1192	161	390	23	32	84	251	140	19
69089	82	69	691	6951	8211	246900245	Francheville	11324	10863	8.18	1181	796	4082	4312	51	212853279	5967	4124	22641	3250	2964	2548	212	507	29	40	93	345	162	49
69090	82	69	692	6906	8211	246900732	Frontenas	818	745	3.42	92	30	248	276	20	10648893	361	258	20994	161	133	160	9	34	3	6	5	20	12	2
69091	82	69	691	6908	8211	246900245	Givors	18437	19777	17.34	2560	1595	7015	7921	100	159763330	10177	4360	13231	7237	6707	6564	799	973	78	138	261	496	373	116
69092	82	69	692	6953	8202	246900229	Gleizé	8050	8317	10.46	969	632	2946	3084	28	93417070	4163	2351	16960	2249	2009	2332	253	372	38	58	83	193	129	41
69093	82	69	692	6909	8202	246900617	Grandris	1033	1068	15.22	97	169	397	547	121	11440424	704	297	15449	276	208	288	38	54	5	15	6	28	23	5
69094	82	69	691	6931	8211	246900724	Grézieu-la-Varenne	4133	3256	7.45	318	282	1504	1606	41	72963933	2363	1604	22447	632	495	600	64	236	19	31	52	134	82	17
69095	82	69	691	6928	8211	246900773	Grézieu-le-Marché	742	728	11.49	75	49	259	301	30	7450800	369	194	15936	137	85	144	13	26	4	6	4	12	8	3
69096	82	69	691	6908	8211	246900245	Grigny	7873	7498	5.75	1067	537	2879	3067	27	86560014	4616	2498	16189	2463	2262	2444	239	345	57	57	77	154	150	42
69097	82	69	691	6907	8214	246900633	Les Haies	608	594	15.97	50	29	209	235	12	8296985	363	221	17440	145	69	124	13	26	5	6	4	11	6	2
69098	82	69	691	6927	8211	246900690	Les Halles	333	259	3.09	34	11	121	149	17	4268977	239	126	14088	115	98	68	5	18	1	2	1	14	3	3
69099	82	69	691	6927	8211	246900690	Haute-Rivoire	1182	1100	20.29	102	126	422	523	59	12025478	697	311	15237	352	252	260	20	82	9	20	12	41	28	5
69100	82	69	691	6948	8211	246900245	Irigny	8330	7955	8.84	973	419	2841	2997	41	106683437	4220	2715	18849	4047	3732	3204	193	443	63	66	97	217	144	68
69101	82	69	692	6906	8211	246900732	Jarnioux	537	542	4.2	42	33	210	239	25	9019220	299	189	20661	72	40	144	14	30	5	1	7	17	12	1
69102	82	69	692	6929	8211	246900708	Joux	605	512	25.18	76	30	209	248	20	6933941	341	178	15285	60	32	124	14	19	3	5	5	6	6	2
69103	82	69	692	6904	8202	246900781	Juliénas	792	703	7.56	95	63	323	425	66	9129699	410	230	16780	311	183	296	18	49	4	9	12	24	27	1
69104	82	69	692	6904	8202	246900781	Jullié	384	361	9.88	36	41	163	234	43	4056032	212	92	13749	96	24	96	7	13	1	0	1	11	2	0
69105	82	69	692	6953	8202	246900807	Lacenas	852	714	3.36	86	44	279	317	23	13874874	403	273	19735	169	117	120	17	52	6	9	4	33	17	3
69106	82	69	692	6902	8202	246900658	Lachassagne	769	605	3.53	73	43	277	306	15	15792979	424	316	23532	112	88	148	15	39	2	6	7	24	16	0
69107	82	69	692	6909	8202	246900617	Lamure-sur-Azergues	871	782	15.61	92	80	355	486	83	10215984	537	276	16212	404	336	380	20	90	7	8	24	51	33	12
69108	82	69	692	6905	8202	246900641	Lancié	671	581	6.6	62	49	257	311	36	8369041	357	224	17316	165	129	200	20	48	4	9	14	21	16	2
69109	82	69	692	6904	8202	246900781	Lantignié	626	536	7.4	76	51	238	310	41	7015916	326	176	15510	184	84	196	9	29	3	8	6	12	14	1
69110	82	69	691	6928	8211	246900773	Larajasse	1477	1371	33.61	151	146	530	671	103	15465455	897	388	14683	336	128	356	23	68	3	12	18	35	15	3
69111	82	69	692	6906	8211	246900732	Légny	449	337	3.97	43	25	163	192	21	7132696	263	163	17927	65	33	64	11	31	4	4	6	17	14	0
69112	82	69	691	6903	8211	246900625	Lentilly	4719	3819	18.39	451	277	1582	1713	73	83869559	2466	1705	23019	1498	1308	964	76	305	35	49	71	150	88	36
69113	82	69	692	6906	8211	246900732	Létra	758	583	14.64	64	121	247	356	84	8498342	406	179	16104	237	157	220	9	40	7	2	8	23	13	4
69114	82	69	692	6902	8202	246900658	Liergues	1392	1189	5.32	96	66	483	506	18	22555943	846	543	20069	352	252	312	20	96	10	24	20	42	36	8
69115	82	69	692	6953	8202	246900229	Limas	4151	3652	5.52	398	236	1556	1642	24	61549556	2286	1488	19159	1185	1053	1660	117	368	16	30	110	212	167	42
69116	82	69	691	6910	8211	246900245	Limonest	2733	2459	8.39	246	227	951	1047	39	62034899	1508	1004	25513	4345	4124	2600	49	538	33	21	159	325	210	116
69117	82	69	691	6910	8211	246900609	Lissieu	3090	2535	5.66	308	89	1051	1097	17	58907419	1437	1102	25759	1206	1086	728	52	252	15	22	52	163	90	31
69118	82	69	691	6907	8214	246900633	Loire-sur-Rhône	2126	1927	16.6	240	124	777	855	11	27616905	1187	751	18313	606	542	660	29	143	28	24	19	72	54	20
69119	82	69	691	6907	8214	246900633	Longes	763	654	24.06	73	38	254	299	30	7836019	394	221	16315	113	60	80	11	27	6	4	4	13	9	0
69120	82	69	691	6927	8211	246900690	Longessaigne	511	483	11.92	73	38	188	229	38	5365459	295	130	13485	112	48	96	6	26	4	3	3	16	10	0
69121	82	69	692	6902	8211	246900591	Lozanne	2157	1645	5.5	248	101	788	842	28	30071454	1188	789	19889	709	576	548	45	145	9	24	43	69	61	18
69122	82	69	692	6902	8202	246900658	Lucenay	1368	1205	6.27	123	70	510	570	42	25557800	816	544	21619	300	204	256	32	80	7	18	15	40	26	3
69123	82	69	691	6999	8211	246900245	Lyon	445452	415487	47.87	58553	34340	216157	251279	7988	6940178593	284549	171470	19078	246514	224256	260045	17980	43473	2403	1675	8539	30856	16492	3755
69124	82	69	692	6904	8202	246900781	Marchampt	363	303	17.74	50	43	167	244	59	3877331	219	97	14540	84	20	100	6	25	2	4	4	15	6	0
69125	82	69	691	6910	8211	246900609	Marcilly-d'Azergues	831	714	4.18	68	50	304	341	18	17782940	430	311	23350	277	237	156	14	63	5	16	13	29	24	6
69126	82	69	692	6902	8202	246900658	Marcy	574	531	3.33	50	26	200	236	30	10821706	310	218	25175	92	52	40	12	39	2	4	8	25	14	0
69127	82	69	691	6931	8211	246900245	Marcy-l'Étoile	3091	2599	5.37	337	111	888	931	11	43161070	1310	946	22873	3703	3631	2460	46	130	7	7	20	96	37	16
69128	82	69	692	6930	8201	246900583	Mardore	470	447	13.47	36	37	185	272	65	6336249	282	156	16249	84	64	44	10	13	5	3	1	4	7	2
69129	82	69	692	6930	8201	246900583	Marnand	569	494	8.75	51	37	204	254	33	6944915	287	167	17300	48	32	84	16	14	0	4	1	9	4	0
69130	82	69	692	6901	8201	246900583	Meaux-la-Montagne	163	166	9.19	11	20	70	145	61	2064577	99	49	15690	16	4	16		10	0	1	0	9	2	0
69131	82	69	691	6931	8211	246900724	Messimy	2696	2017	11.1	313	122	945	1026	37	40711104	1548	1050	19665	725	585	448	43	193	18	47	35	93	72	16
69132	82	69	691	6928	8211	246900773	Meys	637	592	14.65	53	40	213	272	37	6652469	367	166	15680	248	176	184	9	33	6	10	1	16	8	5
69133	82	69	691	6908	8211	246900757	Millery	3411	3006	9.22	350	167	1175	1285	32	59657249	1721	1267	23803	776	659	628	51	165	24	21	20	100	53	13
69134	82	69	692	6906	8211	246900732	Moiré	178	169	2.03	27	11	65	92	20	2506419	89	55	21257	52	36	16		8	0	1	3	4	4	1
69135	82	69	692	6923	8202	246900682	Monsols	895	814	19.82	113	59	347	453	76	9063472	497	238	13852	510	450	428	11	60	7	8	9	36	29	7
69136	82	69	691	6908	8211	246900757	Montagny	2322	2202	8.3	173	110	803	834	14	37335764	1204	879	21935	743	631	268	47	149	27	28	29	65	53	27
69137	82	69	692	6953	8202	246900807	Montmelas-Saint-Sorlin	367	369	4.24	36	94	121	136	7	4226143	203	95	18184	48	36	92	5	16	1	1	4	10	8	1
69138	82	69	691	6927	8211	246900690	Montromant	365	319	10.99	41	25	131	173	39	4472149	215	107	14808	109	57	72		20	1	1	3	15	5	0
69139	82	69	691	6927	8211	246900690	Montrottier	1358	1337	23.1	167	96	515	622	70	13410865	738	338	14689	399	295	576	25	97	10	15	13	59	31	8
69140	82	69	692	6902	8202	246900658	Morancé	1687	1387	9.25	136	69	610	660	28	28607552	902	630	22857	471	367	376	26	85	6	12	21	46	31	3
69141	82	69	691	6924	8211	246900740	Mornant	4672	3900	15.76	544	316	1645	1771	63	71249260	2688	1737	20358	1606	1381	1180	103	360	41	43	76	200	137	43
69142	82	69	691	6950	8211	246900245	La Mulatière	6733	7296	1.82	885	442	2984	3276	87	87422571	3855	2329	17487	1742	1617	1756	218	217	12	20	33	152	85	21
69143	82	69	691	6925	8211	246900245	Neuville-sur-Saône	7062	6762	5.47	956	557	2814	3024	51	82403207	4124	2254	16293	3635	3288	3832	218	564	34	54	137	339	215	47
69144	82	69	691	6903	8211	246900625	Nuelles	503	436	2.02	60	17	170	183	11	8550202	269	182	20771	160	136	104	9	26	3	5	5	13	11	5
69145	82	69	692	6905	8202	246900641	Odenas	735	750	9.02	68	50	278	368	54	6781836	323	176	15115	228	108	240	10	34	4	3	8	19	8	1
69146	82	69	692	6906	8211	246900732	Oingt	523	445	3.92	58	18	196	235	35	7794201	289	175	20136	116	76	44	8	44	10	4	8	22	12	0
69147	82	69	692	6929	8211	246900708	Les Olmes	662	648	2.78	67	41	249	283	26	9896212	388	251	18993	92	84	64	12	31	7	4	7	13	13	4
69148	82	69	691	6924	8211	246900740	Orliénas	1976	1617	10.42	200	85	707	772	30	34528288	1076	757	22286	246	162	184	30	121	6	20	24	71	38	2
69149	82	69	691	6940	8211	246900245	Oullins	25183	26129	4.4	3285	1791	11091	12292	178	312849188	15201	9245	17734	6279	5547	6928	730	1264	83	121	293	767	463	101
69150	82	69	692	6923	8202	246900682	Ouroux	325	311	21.06	39	25	141	188	35	3372376	185	78	13868	116	68	120	8	32	6	6	3	17	13	1
69151	82	69	692	6953	8202	246900674	Le Perréon	1020	901	14.58	100	62	394	494	71	13283996	620	327	16003	328	184	352	26	63	5	18	13	27	21	5
69152	82	69	691	6948	8211	246900245	Pierre-Bénite	9963	9574	4.48	1411	572	3587	3891	35	100536068	5481	2902	15419	7923	7694	7388	336	476	44	48	129	255	165	62
69153	82	69	691	6925	8211	246900245	Poleymieux-au-Mont-d'Or	859	845	6.21	94	26	308	343	29	20008911	514	377	27239	186	139	440	19	50	7	4	7	32	16	2
69154	82	69	691	6931	8211	246900724	Pollionnay	1580	1262	15.8	137	235	527	597	59	24378769	875	577	20976	332	268	376	24	72	6	11	7	48	27	5
69155	82	69	691	6928	8211	246900773	Pomeys	824	842	13.1	79	42	284	312	19	11595185	456	257	17560	140	80	216	12	37	3	8	5	21	10	3
69156	82	69	692	6902	8202	246900658	Pommiers	1804	1619	7.76	164	130	646	733	48	57789668	1002	719	22843	228	156	212	29	79	6	13	8	52	22	5
69157	82	69	692	6929	8211	246900708	Pontcharra-sur-Turdine	2136	2086	4.73	220	155	824	915	30	28387883	1310	793	17441	901	765	744	49	153	30	23	32	68	63	18
69158	82	69	692	6930	8201	246900583	Pont-Trambouze	548	548	4.06	61	67	226	294	41	4842646	304	150	14338	396	380	300	12	32	8	4	5	15	12	4
69159	82	69	692	6902	8202	246900658	Pouilly-le-Monial	721	654	3.81	81	31	258	298	26	11195139	406	283	20906	57	29	92	17	30	4	7	2	17	9	1
69160	82	69	692	6909	8202	246900617	Poule-les-Écharmeaux	834	838	31.23	74	99	349	601	204	12095152	549	250	15573	269	181	208	19	69	18	12	11	28	36	1
69161	82	69	692	6923	8202	246900682	Propières	419	404	16	23	48	178	288	96	4329529	271	118	14026	147	95	136	12	36	8	5	8	15	11	6
69162	82	69	692	6904	8202	246900781	Quincié-en-Beaujolais	1121	1059	22.05	127	79	457	567	86	12363252	596	304	14861	449	261	364	20	89	6	18	21	44	39	4
69163	82	69	691	6925	8211	246900609	Quincieux	2657	2300	17.72	277	140	899	960	34	35189663	1396	912	18876	978	877	1096	43	154	23	34	21	76	50	11
69164	82	69	692	6909	8202	246900583	Ranchal	267	218	15.14	18	34	123	251	104	2927000	169	75	15116	28	12	44	12	17	0	4	3	10	6	0
69165	82	69	692	6904	8202	246900781	Régnié-Durette	905	910	11.72	124	56	341	430	49	10919107	454	240	15948	276	124	292	21	45	5	7	7	26	17	3
69166	82	69	691	6924	8211	246900740	Riverie	267	208	0.42	48	20	92	135	35	3347893	134	87	20241	56	48	28		17	0	1	0	16	6	1
69167	82	69	692	6953	8202	246900807	Rivolet	488	369	16.3	58	25	178	194	12	5503613	246	138	16379	124	48	84	14	26	2	7	5	12	11	0
69168	82	69	691	6925	8211	246900245	Rochetaillée-sur-Saône	1134	903	1.29	119	71	386	416	11	22178867	645	425	20958	194	182	188	46	56	1	10	14	31	21	3
69169	82	69	692	6901	8201	246900583	Ronno	596	544	22.92	93	40	214	290	69	6558337	300	162	17380	96	56	80	16	19	2	3	2	12	4	2
69170	82	69	691	6924	8211	246900740	Rontalon	896	717	12.67	140	36	331	375	31	11189204	547	300	16877	168	72	184	23	31	4	8	6	13	9	2
69171	82	69	691	6903	8211	246900625	Sain-Bel	1919	1892	3.68	208	117	768	828	18	26430731	1173	756	18951	518	465	632	60	132	13	16	27	76	49	12
69172	82	69	692	6953	8202	246900674	Salles-Arbuissonnas-en-Beaujolais	629	507	4.35	73	50	223	271	31	8656852	338	210	18723	129	85	184	17	25	1	9	2	13	11	2
69173	82	69	691	6903	8211	246900625	Sarcey	784	690	9.99	89	55	294	344	29	10518176	466	271	17229	316	220	196	10	54	10	10	11	23	19	7
69174	82	69	692	6929	8211	246900708	Les Sauvages	575	561	12.55	52	24	183	238	40	6062926	366	153	15617	284	248	296	6	29	6	4	3	16	12	4
69175	82	69	691	6903	8211	246900625	Savigny	1797	1535	21.42	199	86	619	695	43	22944588	916	559	18523	753	648	472	28	130	27	30	19	54	45	21
69176	82	69	691	6924	8211	246900740	Soucieu-en-Jarrest	3214	2654	14.2	359	161	1126	1224	44	46666306	1671	1140	20065	619	451	420	48	167	19	30	34	84	61	14
69177	82	69	691	6903	8211	246900625	Sourcieux-les-Mines	1762	1349	9.96	198	80	607	671	45	25680157	910	634	19926	185	113	108	34	56	3	9	10	34	21	2
69178	82	69	691	6927	8211	246900690	Souzy	578	615	5.09	64	46	227	297	37	7487973	360	212	17988	196	152	80	7	45	8	7	14	16	15	4
69179	82	69	691	6908	8211	246900740	Saint-Andéol-le-Château	1379	1158	9.95	160	60	475	494	4	19571120	762	490	19740	215	163	164	31	65	9	11	9	36	29	3
69180	82	69	691	6924	8211	246900740	Saint-André-la-Côte	182	185	4.77	21	7	66	91	25	2691625	116	52	16700	28	12	52	5	7	0	1	1	5	4	0
69181	82	69	692	6929	8211	246900708	Saint-Appolinaire	110	101	5.73	10	16	45	105	40	1435086	81	45		36	24	8		9	1	1	1	6	3	0
69182	82	69	692	6923	8202	246900682	Saint-Bonnet-des-Bruyères	384	412	21.2	25	47	161	243	56	3013394	204	82	12834	104	59	100		16	2	4	3	7	7	1
69183	82	69	692	6909	8202	246900617	Saint-Bonnet-le-Troncy	273	265	15.65	19	28	110	203	76	2807473	157	75	14691	48	28	36		13	1	3	1	8	3	0
69184	82	69	691	6924	8211	246900740	Sainte-Catherine	856	770	13.76	75	48	324	389	39	10167687	478	250	16545	164	108	124	16	38	3	7	5	23	16	2
69185	82	69	692	6923	8202	246900682	Saint-Christophe	233	218	14.62	25	31	96	171	58	1657797	117	41	11953	36	16	64		7	2	2	0	3	3	0
69186	82	69	692	6923	8202	246900682	Saint-Clément-de-Vers	213	177	8.96	20	35	80	153	59	2224028	118	55	13778	52	36	60		11	0	4	3	4	4	1
69187	82	69	691	6927	8211	246900690	Saint-Clément-les-Places	536	473	12.42	72	42	194	248	31	5609893	314	154	14108	154	98	132	8	28	3	4	4	17	7	2
69188	82	69	692	6929	8211	246900708	Saint-Clément-sur-Valsonne	546	467	14.51	56	129	191	284	69	6433122	357	173	15928	96	76	172	11	26	5	6	6	9	10	3
69189	82	69	691	6907	8214	ZZZZZZZZZ	Sainte-Colombe	1808	1560	1.6	218	148	816	937	27	27658945	1167	698	18396	521	384	592	54	172	11	16	18	127	51	9
69190	82	69	691	6931	8211	246900724	Sainte-Consorce	1608	1223	5.81	139	53	550	585	25	29042715	843	637	24343	470	401	348	30	87	15	11	11	50	25	11
69191	82	69	691	6910	8211	246900245	Saint-Cyr-au-Mont-d'Or	5392	5318	7.29	443	468	1852	2044	74	163681525	2643	1931	32061	2016	1808	1608	88	346	17	20	58	251	115	25
69192	82	69	692	6953	8202	246900807	Saint-Cyr-le-Chatoux	107	85	6.28	9	3	38	47	8	1520561	56	35		28	20	24		12	2	2	1	7	4	0
69193	82	69	691	6907	8214	246900633	Saint-Cyr-sur-le-Rhône	960	818	6.02	59	30	315	334	15	19338211	513	398	23394	159	127	68	18	37	3	12	8	14	18	3
69194	82	69	691	6910	8211	246900245	Saint-Didier-au-Mont-d'Or	6154	5967	8.34	455	296	2153	2350	82	190398682	3026	2355	33741	1722	1449	1080	94	518	15	29	73	401	136	41
69195	82	69	691	6924	8211	246900740	Saint-Didier-sous-Riverie	1148	1018	13.9	143	48	414	480	37	11785823	522	293	17044	184	84	180	15	35	4	7	6	18	10	2
69196	82	69	692	6904	8202	246900781	Saint-Didier-sur-Beaujeu	402	439	14.62	34	46	169	220	29	5109228	280	147	16509	104	64	152	16	33	5	11	4	13	15	1
69197	82	69	692	6905	8202	246900674	Saint-Étienne-des-Oullières	1519	1367	9.66	180	97	560	619	29	19374709	857	494	16526	364	180	368	40	116	14	21	25	56	47	8
69198	82	69	692	6905	8202	246900641	Saint-Étienne-la-Varenne	608	518	6.96	73	38	219	252	29	7817562	306	184	16641	136	68	104	9	28	3	7	6	12	12	1
69199	82	69	691	6949	8211	246900245	Saint-Fons	15671	15735	6.06	2393	950	5967	6708	102	131800529	8758	3805	12064	7924	7532	9552	747	725	83	113	152	377	291	81
69200	82	69	692	6929	8211	246900708	Saint-Forgeux	1353	1232	22.27	160	77	474	590	74	15623649	718	413	17709	352	292	328	14	63	10	15	10	28	32	6
69201	82	69	691	6927	8211	246900690	Sainte-Foy-l'Argentière	1167	1152	1.54	131	134	530	604	27	11889660	736	334	14815	651	575	848	20	117	18	11	27	61	42	14
69202	82	69	691	6950	8211	246900245	Sainte-Foy-lès-Lyon	21193	21450	6.83	2696	1577	8468	9032	134	388402176	11678	8142	22960	4556	3993	4206	430	964	29	75	154	706	339	55
69203	82	69	691	6927	8211	246900690	Saint-Genis-l'Argentière	860	802	10.65	80	47	314	377	45	9636944	510	273	15426	169	133	100	23	43	8	11	7	17	18	3
69204	82	69	691	6926	8211	246900245	Saint-Genis-Laval	19221	18782	12.92	2547	906	7190	7708	79	301151644	10459	7005	21018	8956	8166	8656	402	1162	104	111	290	657	462	155
69205	82	69	691	6931	8211	246900245	Saint-Genis-les-Ollières	4743	4211	3.74	438	210	1635	1705	22	80541819	2280	1680	23803	612	496	524	73	198	12	36	28	122	69	11
69206	82	69	692	6905	8202	246900674	Saint-Georges-de-Reneins	3832	3509	27.49	459	254	1461	1592	47	52790648	2184	1290	17714	1503	1295	1360	115	255	31	49	52	123	92	19
69207	82	69	691	6925	8211	246900245	Saint-Germain-au-Mont-d'Or	2385	2429	5.43	320	115	890	948	22	33777074	1279	820	19953	495	447	424	61	97	8	17	12	60	33	6
69208	82	69	691	6903	8211	246900625	Saint-Germain-sur-l'Arbresle	1123	942	6.52	109	67	401	460	50	17760496	607	418	21233	527	475	476	16	42	5	7	5	25	12	6
69209	82	69	692	6923	8202	246900682	Saint-Igny-de-Vers	553	503	27.35	45	107	232	357	92	5612482	359	142	15696	174	122	128	7	35	6	7	2	20	19	4
69210	82	69	692	6923	8202	246900682	Saint-Jacques-des-Arrêts	112	130	7.47	4	12	51	89	29	775644	55	15	12300	24	8	48	0	4	0	1	0	3	2	0
69211	82	69	692	6905	8202	246900641	Saint-Jean-d'Ardières	2275	2189	12.44	252	112	831	880	23	29141209	1396	807	16230	1006	890	848	87	186	28	26	72	60	49	36
69212	82	69	692	6902	8211	246900591	Saint-Jean-des-Vignes	381	324	2.57	50	15	136	146	8	6042328	199	125	22252	60	36	56	5	17	2	3	1	11	10	0
69213	82	69	691	6908	8211	246900740	Saint-Jean-de-Touslas	616	549	5.57	69	30	215	232	15	9466854	377	256	19546	76	56	84	10	27	4	7	2	14	14	1
69214	82	69	692	6930	8201	246900583	Saint-Jean-la-Bussière	862	847	15.48	93	56	313	384	34	10028617	488	261	15545	351	279	344	17	44	11	9	9	15	13	6
69215	82	69	692	6953	8202	246900674	Saint-Julien	768	641	6.89	82	36	273	321	35	9528804	386	245	18060	165	81	120	17	41	7	9	11	14	19	1
69216	82	69	691	6903	8211	246900625	Saint-Julien-sur-Bibost	507	404	13.28	39	29	195	255	38	5231133	293	143	15951	100	48	72	10	21	2	7	3	9	9	1
69217	82	69	692	6901	8201	246900583	Saint-Just-d'Avray	631	594	17.5	70	58	253	402	124	7249231	390	198	15629	233	185	232	13	34	8	6	6	14	15	6
69218	82	69	692	6905	8202	246900641	Saint-Lager	874	805	7.74	121	57	319	365	22	11425213	486	257	15743	401	301	372	6	56	10	11	15	20	29	3
69219	82	69	691	6924	8211	246900740	Saint-Laurent-d'Agny	1768	1439	10.55	171	70	597	660	38	29086236	909	641	22755	409	331	340	32	86	10	23	14	39	29	11
69220	82	69	691	6927	8211	246900690	Saint-Laurent-de-Chamousset	1703	1558	17.25	213	165	624	712	52	18529257	968	472	15895	924	760	876	28	141	12	22	19	88	47	29
69221	82	69	691	6931	8211	246900724	Saint-Laurent-de-Vaux	215	180	2.64	19	7	70	79	7	2805153	111	76	18958	32	16	48		8	1	3	1	3	3	0
69222	82	69	692	6906	8211	246900732	Saint-Laurent-d'Oingt	726	653	9.05	79	44	261	322	52	9571572	394	213	16989	152	68	136	17	38	3	6	8	21	16	2
69223	82	69	692	6929	8211	246900708	Saint-Loup	864	807	9.65	79	49	302	344	32	12984485	470	314	19728	222	190	184	12	37	3	8	8	18	10	4
69224	82	69	692	6923	8202	246900682	Saint-Mamert	59	60	3.21	5	6	29	50	13					40	32	16		8	1	0	0	7	3	0
69225	82	69	692	6929	8211	246900708	Saint-Marcel-l'Éclairé	508	471	11.88	44	20	179	197	11	6165529	261	165	17257	76	48	68		20	3	4	3	10	7	3
69227	82	69	691	6928	8211	246900773	Saint-Martin-en-Haut	3429	3081	38.64	394	326	1240	1386	94	41629565	1991	995	16106	1119	747	968	42	240	26	38	59	117	97	21
69228	82	69	691	6924	8211	246900740	Saint-Maurice-sur-Dargoire	2100	1916	16.27	249	94	719	774	33	24874369	1052	649	18626	481	361	456	37	101	9	21	22	49	37	4
69229	82	69	692	6909	8202	246900617	Saint-Nizier-d'Azergues	641	580	24.23	67	61	260	413	129	7546595	389	220	16443	160	112	176	17	38	4	6	6	22	18	3
69230	82	69	692	6906	8211	246900732	Sainte-Paule	245	205	7.5	21	18	93	115	18	2731192	155	76	14456	64	16	52		12	1	4	2	5	4	0
69231	82	69	691	6903	8211	246900625	Saint-Pierre-la-Palud	1983	1804	7.53	242	113	724	794	43	27262514	1154	758	19329	473	401	376	43	103	21	17	18	47	36	6
69233	82	69	691	6925	8211	246900245	Saint-Romain-au-Mont-d'Or	948	904	2.62	88	44	356	371	7	18430621	529	367	24504	180	155	128	20	78	2	8	12	56	20	5
69234	82	69	692	6929	8211	246900708	Saint-Romain-de-Popey	1203	1010	17.02	131	58	432	552	84	19803661	731	430	17794	237	129	192	23	70	17	10	12	31	22	10
69235	82	69	691	6907	8214	243800455	Saint-Romain-en-Gal	1380	1341	13.39	123	99	570	613	18	21601285	897	576	18855	635	543	708	29	101	5	21	35	40	42	14
69236	82	69	691	6908	8211	246900633	Saint-Romain-en-Gier	512	511	4.05	47	24	182	202	5	5318444	257	151	16684	208	192	156	12	17	1	2	5	9	6	3
69237	82	69	691	6924	8211	246900740	Saint-Sorlin	687	532	4.7	61	191	191	202	10	8790850	341	180	22375	145	125	100	8	24	2	3	4	15	8	1
69238	82	69	691	6928	8211	246900773	Saint-Symphorien-sur-Coise	3069	3211	4.07	325	350	1262	1418	51	35946863	1934	929	15160	1899	1669	1852	51	282	39	24	65	154	118	40
69239	82	69	692	6906	8211	246900732	Saint-Vérand	993	760	17.58	99	63	370	476	83	11552337	552	312	17321	172	92	160	21	52	4	11	11	26	21	3
69240	82	69	692	6901	8201	246900583	Saint-Vincent-de-Reins	650	711	13.87	78	71	264	446	119	7070330	389	191	15531	371	311	464	12	44	3	4	12	25	11	3
69241	82	69	691	6924	8211	246900740	Taluyers	1870	1511	8.09	237	89	645	690	22	30115014	1027	703	22430	411	303	248	24	137	17	33	26	61	64	15
69242	82	69	692	6905	8202	246900641	Taponas	572	466	7.64	48	24	204	224	9	8157495	367	231	16270	160	120	80	14	26	2	6	3	15	13	1
69243	82	69	692	6929	8211	246900708	Tarare	10420	10720	13.99	1388	1238	4351	5067	112	98085893	6243	2586	13670	5621	5211	5772	436	708	95	66	183	364	288	82
69244	82	69	691	6951	8211	246900245	Tassin-la-Demi-Lune	15977	15460	7.79	1868	1100	6682	7272	151	312565501	10395	7120	22293	5984	5332	5756	428	1113	53	70	226	764	451	113
69245	82	69	692	6906	8211	246900732	Ternand	625	588	10.75	59	39	234	291	37	8897675	351	201	17868	128	68	124	9	40	4	7	6	23	12	1
69246	82	69	692	6906	8211	246900732	Theizé	999	915	11.89	102	65	372	446	64	19516598	530	340	20214	245	145	284	12	56	7	10	9	30	17	5
69247	82	69	692	6909	8202	246900583	Thel	293	302	10.27	39	27	111	176	51	3367413	173	93	16779	102	70	136	7	17	4	5	2	6	9	1
69248	82	69	692	6930	8201	246900583	Thizy	2483	2855	1.94	260	356	1036	1304	42	23846876	1400	626	15334	1748	1573	1484	84	198	27	14	37	120	74	30
69249	82	69	691	6931	8211	246900724	Thurins	2451	2104	19.36	345	97	904	988	50	33050279	1378	831	18095	591	371	488	31	170	10	38	41	81	56	10
69250	82	69	691	6903	8211	246900245	La Tour-de-Salvagny	3402	3226	8.43	279	156	1292	1382	36	63433571	1715	1249	25723	959	837	616	53	249	14	27	45	163	83	30
69251	82	69	692	6923	8202	246900682	Trades	101	102	7.93	4	8	41	71	25	681207	52	25		12	0	32		4	0	1	0	3	3	0
69252	82	69	691	6907	8214	246900633	Trèves	558	471	7.56	70	39	196	208	7	7275522	312	203	18147	88	64	68	8	16	1	7	2	6	6	1
69253	82	69	691	6907	8214	246900633	Tupin-et-Semons	441	398	8.26	41	35	158	177	17	8333418	289	203	20935	106	88	84	9	24	2	4	5	13	12	1
69254	82	69	692	6929	8211	246900708	Valsonne	714	600	18.25	83	41	278	398	76	7501557	412	203	15203	214	182	140	19	35	8	11	4	12	9	4
69255	82	69	691	6931	8211	246900724	Vaugneray	4175	3553	22.38	402	432	1436	1596	107	63283035	2426	1484	20026	1326	1096	1124	79	271	27	55	46	143	103	24
69256	82	69	691	6946	8211	246900245	Vaulx-en-Velin	39154	44174	20.95	6886	2110	13213	15380	111	289657557	20636	7740	10686	18033	16827	16744	2282	2529	332	398	651	1148	1029	419
69257	82	69	692	6953	8202	246900674	Vaux-en-Beaujolais	766	669	17.74	97	40	283	350	35	9463329	460	246	15381	160	40	148	29	27	1	7	6	13	10	0
69258	82	69	692	6904	8202	246900781	Vauxrenard	275	226	19.19	44	18	109	183	55	2708310	134	68	13597	76	24	100		13	2	2	2	7	5	0
69259	82	69	691	6997	8211	246900245	Vénissieux	56061	60444	15.33	9078	3096	20686	22754	186	486637210	30891	13759	12454	26927	25673	30304	2610	2480	213	323	583	1361	895	404
69260	82	69	691	6948	8211	246900245	Vernaison	4000	4072	4.03	465	297	1371	1455	15	58594967	2200	1304	20320	1046	898	1096	98	200	14	33	33	120	68	19
69261	82	69	692	6904	8202	246900781	Vernay	127	51	5.59	6	3	22	26	3					56	44	68	0	7	0	0	1	6	2	1
69263	82	69	691	6927	8211	246900690	Villechenève	610	570	14.15	76	57	231	326	72	6591962	360	176	15305	202	142	152	8	33	3	4	8	18	8	2
69264	82	69	692	6932	8202	246900229	Villefranche-sur-Saône	30647	29542	9.48	4918	2371	12952	14376	220	327440019	19358	9379	13921	17304	15565	17148	1491	2645	219	154	749	1523	1176	307
69265	82	69	692	6906	8211	246900732	Ville-sur-Jarnioux	640	571	10.11	67	35	237	295	45	12017976	348	236	20847	68	36	92	6	27	2	6	5	14	7	1
69266	82	69	691	6998	8211	246900245	Villeurbanne	124215	116872	14.52	17452	8545	55136	63449	1140	1544991697	81345	44708	16188	50387	46008	54544	5304	7868	587	747	1802	4732	2905	810
69267	82	69	692	6904	8202	246900781	Villié-Morgon	1614	1522	18.74	183	148	641	809	103	19475014	912	479	15665	672	316	704	29	134	14	9	39	72	60	7
69268	82	69	691	6926	8211	246900757	Vourles	2743	1844	5.6	215	159	894	946	17	52615913	1375	1016	25140	836	700	684	56	210	28	26	38	118	76	29
69269	82	69	691	6931	8211	246900724	Yzeron	769	675	10.75	112	43	270	360	65	12157255	459	264	17462	156	108	152	12	48	1	10	11	26	12	2
69270	82	69	691	6938	8211	ZZZZZZZZZ	Chaponnay	3317	2913	18.89	278	162	1142	1202	20	58101253	1759	1256	23183	1657	1501	680	68	257	27	24	65	141	87	47
69271	82	69	691	6944	8211	246900245	Chassieu	9049	8508	11.57	808	301	3050	3149	25	145171314	4638	3294	22667	9533	9025	8584	186	928	164	84	268	412	361	221
69272	82	69	691	6938	8211	246900765	Communay	3883	2918	10.54	378	135	1280	1309	9	57288521	1805	1296	22307	746	642	396	58	140	11	27	29	73	43	10
69273	82	69	691	6949	8211	246900245	Corbas	9259	8101	11.88	1070	319	3115	3205	22	119815026	4776	3258	19615	6054	5715	5468	184	619	81	42	154	342	230	152
69275	82	69	691	6944	8211	246900245	Décines-Charpieu	24193	24564	17.01	3202	1506	8939	9453	125	274670373	14085	7791	16813	9763	8762	9268	740	1606	222	181	454	749	631	207
69276	82	69	691	6949	8211	246900245	Feyzin	8469	8520	9.64	1044	435	2866	3078	34	97859055	4783	2742	16722	5230	4919	5320	277	445	56	68	97	224	163	68
69277	82	69	691	6944	8211	246900575	Genas	11140	9316	23.84	1037	389	3664	3779	29	176652548	5445	4058	22742	6294	5829	4848	196	832	121	85	196	430	306	154
69278	82	69	691	6925	8211	246900245	Genay	4657	4029	8.49	534	191	1641	1735	26	65611708	2522	1655	19812	3084	2882	2016	93	333	52	64	76	141	139	46
69279	82	69	691	6937	8211	246900245	Jonage	5363	5076	12.11	517	197	1672	1746	37	76077394	2729	1872	20286	567	427	508	120	228	27	45	38	118	90	11
69280	82	69	691	6937	8211	246900575	Jons	1094	1001	7.41	102	87	364	386	15	15898065	617	390	19973	190	138	160	28	79	12	11	15	41	27	9
69281	82	69	691	6938	8211	ZZZZZZZZZ	Marennes	1483	1205	12.44	138	56	491	510	10	23892701	807	545	21877	189	113	164	25	94	10	21	16	47	32	12
69282	82	69	691	6937	8211	246900245	Meyzieu	28009	28077	23.01	3109	1400	9544	10020	132	345152574	14525	8728	17820	9473	8685	8732	802	1321	174	189	301	657	480	148
69283	82	69	691	6938	8211	246900245	Mions	10283	9145	11.57	1052	348	3349	3441	25	138220139	5518	3674	19551	2754	2429	1976	266	567	69	101	126	271	204	89
69284	82	69	691	6925	8211	246900245	Montanay	2335	1835	7.16	180	88	763	782	12	55567500	1147	877	24647	540	471	176	37	114	15	16	16	67	39	14
69285	82	69	691	6937	8211	246900575	Pusignan	3098	2720	13.04	314	130	1048	1095	23	47424974	1727	1151	19389	1175	1020	720	78	307	65	58	58	126	124	41
69286	82	69	691	6939	8211	246900245	Rillieux-la-Pape	28367	30791	14.48	4331	1478	10654	11307	72	302648466	15123	7620	14853	9603	8925	10356	1118	1304	86	167	297	754	452	157
69287	82	69	691	6937	8211	246900575	Saint-Bonnet-de-Mure	5597	4604	16.34	527	411	1853	1932	22	87702526	2922	2082	21468	2266	2061	1860	117	390	41	51	118	180	166	56
69288	82	69	691	6937	8211	246900575	Saint-Laurent-de-Mure	4694	4513	18.63	420	189	1648	1715	30	65361725	2528	1731	20217	1389	1197	1068	83	319	49	42	61	167	115	45
69289	82	69	691	6938	8211	ZZZZZZZZZ	Saint-Pierre-de-Chandieu	4133	3523	29.28	437	170	1394	1458	31	62446499	2145	1491	21087	1191	1035	624	71	300	43	43	52	162	108	46
69290	82	69	691	6945	8211	246900245	Saint-Priest	40974	41876	29.71	5860	1845	14829	15647	117	433805512	22141	12061	15860	20990	19757	20436	1425	2399	246	260	692	1201	883	431
69291	82	69	691	6938	8211	246900765	Saint-Symphorien-d'Ozon	5063	5167	13.37	549	390	1849	1953	23	66022558	2775	1815	20180	2287	1964	2252	88	365	48	49	74	194	143	45
69292	82	69	691	6939	8211	246900245	Sathonay-Camp	4336	4673	1.96	657	231	1775	1862	18	51018625	2458	1457	18337	666	541	796	105	170	8	21	26	115	69	11
69293	82	69	691	6939	8211	246900245	Sathonay-Village	1693	1401	5.15	128	69	545	560	3	29646060	792	606	25221	217	167	176	28	58	1	9	15	33	14	4
69294	82	69	691	6938	8211	246900765	Sérézin-du-Rhône	2388	2257	3.97	330	83	882	919	11	33750100	1283	903	20665	748	667	656	36	128	16	15	34	63	45	16
69295	82	69	691	6938	8211	246900765	Simandres	1258	1044	10.45	111	50	419	435	7	22118285	726	511	20519	205	145	152	16	55	1	21	10	23	20	2
69296	82	69	691	6949	8211	246900245	Solaize	2256	2008	8.1	226	96	791	817	13	44013345	1316	971	22209	1545	1429	1088	32	134	11	16	27	80	42	18
69297	82	69	691	6938	8211	246900765	Ternay	4618	4085	8.06	413	182	1604	1689	37	69744216	2504	1687	20198	751	650	582	83	210	22	36	44	108	72	19
69298	82	69	691	6938	8211	ZZZZZZZZZ	Toussieu	2019	1651	5.02	182	81	695	727	11	37833681	1118	798	21590	511	442	208	47	135	19	16	28	72	48	21
69299	82	69	691	6937	8211	246900575	Colombier-Saugnieu	2083	1833	27.62	187	90	685	734	22	27530217	1162	779	19684	3847	3655	2480	56	290	16	22	39	213	122	74